/**:
  ros__parameters:

    origin_latitude: 49.90000010022057
    origin_longitude: 8.900000304717647

    x: 1.675966 #2.879509 5.879509#
    y: 3.261991 #3.620167
    z: 0.524258
    yaw: -1.56 #-3.104072 #change me

    goal_x: -3.455140
    goal_y: -1.445188
    goal_z: 0.02

    goal_latitude: 49.89996894457426
    goal_longitude: 8.900020099467026 
